This folder: /home/daniella/Desktop/floflis-luck-of-today@floflis.eth/AIConversation

folderstamp version: r5
Method: Recursive

  File: ./.folderstamp
  Size: 128       	Blocks: 8          IO Block: 4096   regular file
Device: 8,70	Inode: 10922187    Links: 1
Access: (0664/-rw-rw-r--)  Uid: ( 1000/daniella)   Gid: ( 1000/daniella)
Access: 2024-07-06 17:06:10.160167839 -0300
Modify: 2024-07-06 17:06:10.185168145 -0300
Change: 2024-07-06 17:06:10.185168145 -0300
 Birth: 2024-07-06 17:06:10.160167839 -0300
IPFS hash: QmcTB8EvTsW2K7mvCxDz9FdwvgNdKav4q1fWjQbTPvPkHT
------------------------------
  File: ./Troubleshooting Floflis Luck of Today Desklet - Claude (7_6_2024 5_02_06 PM).zip.html
  Size: 823371    	Blocks: 1616       IO Block: 4096   regular file
Device: 8,70	Inode: 10922160    Links: 1
Access: (0664/-rw-rw-r--)  Uid: ( 1000/daniella)   Gid: ( 1000/daniella)
Access: 2024-07-06 17:02:07.121536638 -0300
Modify: 2024-07-06 17:02:07.125536710 -0300
Change: 2024-07-06 17:05:44.532847974 -0300
 Birth: 2024-07-06 17:02:07.121536638 -0300
IPFS hash: Qmf7ALHK9LzRzouvYYBF2bSaMmr98mrSS4Z3nu7KYUTVcB
------------------------------
  File: ./Cinnamon DE Desklet with JSON Database - Claude (7_6_2024 5_01_52 PM).zip.html
  Size: 831986    	Blocks: 1632       IO Block: 4096   regular file
Device: 8,70	Inode: 9256723     Links: 1
Access: (0664/-rw-rw-r--)  Uid: ( 1000/daniella)   Gid: ( 1000/daniella)
Access: 2024-07-06 17:01:53.256282597 -0300
Modify: 2024-07-06 17:01:53.261282690 -0300
Change: 2024-07-06 17:05:44.532847974 -0300
 Birth: 2024-07-06 17:01:53.256282597 -0300
IPFS hash: QmR8jFkViDHvYJMst3ncqmKgSEHsUd8XA4zpxorMsdzKU3
------------------------------